$ANSIBLE_VAULT;1.1;AES256
61663665346634373133326163666162336133336632353933656432333630306134613337613464
3834393965633036623237633966636539373739356663310a343434626162383264396531623232
61643034323565373362616331636631313362643930373439663334653439323736383437363433
3965643664623361630a343835363732303866373463653735323133386235626130303835303330
33373365666663306665313365666230633633383032623838613333353262646234363331353330
65396266306634393265306664663935376230663235653434363535363362306531343036626438
37383762326635336637326434393863666235626537393439633263383662343338363064653565
61663237613934643838386365653834343939633639326132653461396137346634353261653062
36326431386263356264653636613263643632366239373437636134383165343061333866313339
33303763373634323431306264376135373261376130333839336664323336623730356232633162
31646663633532613633343838396661316130323831333062613965363339356562626261383465
34303133303266626131
