$ANSIBLE_VAULT;1.1;AES256
63353032646533623236646466376132373739626338656236353861316637313230323132646165
3263333962623232356562353932653662363931623461340a663266383638356665363562353866
66356362633637616136393165663035363065613363393532396432303434373233393137643339
6334363562323962380a313435376466353766616362643462623162313766633838396664396332
30613761663338303363633434623132646136336561393534333830386233303030366532386464
36343561303462646334313838393434646235633930316363366436393737323431336365313930
62653633666135383638363262353934656431613735353664386262626165656364626265613464
38333639613031393139636139393633316535376536346461353962653065346664343234353731
39663834376239643864356337616438356632623439326431396435653266653936666465366631
33343363333861343137643438663463666338373266646462646461636366396539623333666231
32636134336262393832303464313866333361383466623366376666386261396538333161313764
39303439396331613330313634333264326266656332656466363131356634303331313735383232
3534
